996
975
1018
948
1008
985
1015
1002
973
1080
1009
1048
974
1023
1032
1047
980
909
980
998
943
1034
956
1021
962
1057
985
1025
1008
1009
990
1022
1036
994
1025
1016
985
974
965
993
927
986
1038
1058
1011
906
1049
1034
1004
987
994
1045
943
993
993
945
1052
988
1037
1010
983
1048
1021
999
984
988
1034
960
1006
977
1016
1025
1004
1037
942
996
997
1007
985
991
1019
948
990
982
1006
974
1020
1009
1042
1010
971
973
1025
1025
1044
989
998
1033
963
979
973
976
946
1010
968
1055
1094
1019
987
972
1045
986
999
967
990
983
1021
958
1066
985
1026
991
986
1032
1013
969
972
1007
1029
975
998
1010
1077
965
943
1026
1006
931
1031
1013
1013
983
993
974
975
1041
997
1014
1010
1000
956
1029
1018
1018
974
998
1020
981
1004
1002
965
980
1001
1063
994
978
991
1035
969
1024
957
964
1051
1014
1014
1029
1006
982
1004
979
990
1016
1046
963
993
1024
956
1019
1006
987
969
985
1020
982
1045
989
991
1040
1020
959
998
1020
972
942
997
985
1029
999
1026
1032
1038
1046
984
981
962
993
1033
952
990
1021
1032
981
1026
1005
986
938
1052
1019
981
980
985
1018
1020
1005
969
990
1029
998
1023
963
983
1026
1000
1029
939
1013
1022
962
1011
1015
1000
967
989
1020
981
1033
965
986
1019
1040
1010
1062
1015
927
1016
995
1032
974
983
986
997
1000
1028
1003
987
966
1043
1018
1004
954
1039
991
943
1002
1001
1008
1013
1019
1006
978
954
1042
946
933
1023
991
1026
1004
1023
1058
985
979
1043
1001
1031
957
1063
984
972
985
1010
965
1012
968
1001
1000
1023
1028
981
1012
984
1026
1026
949
1006
1008
1015
984
985
1017
978
961
972
969
1027
1035
996
1000
1023
1039
945
972
995
1002
1009
955
1019
1038
1020
1045
978
1027
1014
996
995
1026
970
992
1005
997
983
1017
1069
1019
1000
969
972
982
977
1012
936
969
993
1026
985
1042
1019
963
1036
1031
974
1029
1026
958
947
1009
1027
988
997
1045
924
981
1016
1032
976
1005
1062
1003
1034
967
1056
1042
1023
920
1008
1023
1030
986
937
975
983
998
1040
955
1029
1023
1022
1001
952
997
1026
1004
1010
973
1026
954
1052
981
1035
939
999
988
998
981
1092
971
992
991
1010
978
968
1013
1008
1015
979
1004
1004
988
1004
1017
1027
1000
1039
998
1020
996
988
978
981
973
1031
1018
1012
996
1006
961
963
997
996
1020
1018
992
978
1002
1022
1013
988
1007
972
1008
946
1007
1069
1001
959
1006
1033
955
989
1035
1065
974
934
990
1015
994
1011
1003
998
1016
989
954
1035
1035
958
1020
1001
1021
999
988
999
993
957
971
1015
1052
1019
970
1012
1012
988
995
1004
1000
1016
980
963
1023
980
1051
1004
1067
973
1007
970
1006
1026
977
1009
961
1020
976
1037
1002
1058
1050
965
994
946
952
952
984
974
1062
958
994
1003
1011
1018
1044
1021
960
999
993
1014
1037
973
968
1033
1002
1030
1035
990
970
1049
1003
990
984
946
1003
967
964
1043
995
1006
974
969
1015
1021
1046
1031
1029
980
1014
1013
938
971
1026
995
1003
1001
1008
1050
1003
1024
939
1000
1016
970
989
981
940
1010
1000
985
953
981
1045
1072
1033
1023
990
1013
988
975
1023
1043
971
958
1016
978
1041
1060
969
987
998
976
993
1001
997
1013
992
983
1024
1007
984
1019
961
990
1027
968
1046
1003
990
1072
1029
1016
937
1016
923
986
1023
1015
1045
1001
970
976
988
987
1009
1058
984
959
997
994
963
1015
1001
1054
975
990
1054
943
1000
972
952
991
992
1060
1046
1011
998
982
1027
1027
976
1041
950
998
990
1010
985
959
964
961
1053
1062
1029
968
1009
951
992
994
1011
1002
995
1066
1011
1007
971
985
1013
1014
1017
976
995
992
1038
959
1011
1020
928
1063
1006
962
975
1008
1022
979
1037
985
948
1060
990
980
1011
1026
998
923
1079
1008
1040
984
916
1029
1032
969
1045
994
983
1006
1003
943
1015
991
982
1020
1046
1033
961
1040
975
995
972
975
1041
982
1049
1027
944
1022
926
986
974
1025
999
1031
957
1059
1021
982
951
1033
986
963
999
1006
1001
1072
1007
971
971
1013
992
1008
1020
1002
976
1020
1027
947
1014
1023
1000
1045
971
1009
1011
986
994
966
1029
959
995
1002
1038
969
1009
960
1073
966
1006
1065
1000
1051
933
1035
972
1032
940
977
1019
1024
1025
988
995
1017
1016
966
973
963
993
961
1005
1032
1034
963
1059
1011
979
997
1002
1041
1009
965
1045
1011
945
994
991
992
989
972
1051
1035
924
1006
1027
986
1018
1039
965
1058
1026
995
973
961
1007
966
1010
1017
1022
954
1028
984
982
1004
1040
948
1021
987
945
991
1015
1006
1063
1034
984
984
991
1000
1023
981
1025
949
961
986
1058
1054
963
971
1019
1017
1014
1016
943
977
1017
990
1036
975
986
1043
1030
943
984
1018
993
1041
987
936
964
1010
1036
1037
985
1051
990
980
1011
1027
1022
1004
974
994
996
1014
997
992
980
969
966
1034
1059
964
973
988
1047
958
1042
1007
1034
997
997
1018
1001
971
930
1013
1032
997
951
1043
997
973
1002
992
972
1049
1024
975
1020
1017
997
973
1001
1015
1004
976
1022
