1004
971
1002
1023
1006
991
1000
994
1001
1008
988
965
973
1013
994
964
1006
1057
1032
1008
932
1029
997
1008
1007
974
1005
1018
1031
999
1041
981
971
992
1047
954
975
1031
1016
992
962
963
1050
1001
1004
971
1076
1015
998
960
988
988
983
1006
1034
1021
992
969
1018
1001
1009
972
1053
1017
987
997
1005
1024
974
962
1023
981
972
1016
1001
1024
963
1023
1000
997
1009
990
992
996
970
967
1013
1006
1050
1007
982
964
1010
986
967
1046
1028
1026
993
998
1029
967
975
1058
981
967
1025
993
1012
993
977
972
999
993
983
1068
1029
956
1005
1018
976
974
994
1025
1005
997
1005
988
1042
994
1028
932
1030
1040
961
1005
1051
1015
944
994
980
1034
1011
946
979
997
1002
1026
1008
1017
936
990
1002
1032
1052
1006
974
1005
993
1010
1020
999
1016
962
954
1035
1056
981
1012
965
1035
941
1028
1016
977
965
985
1039
1040
974
1013
950
991
1002
1002
1034
1002
1077
968
961
988
955
1010
1005
1008
995
1041
1047
955
996
968
1010
1020
1047
978
981
995
971
1015
1015
1022
1016
1017
1002
986
982
966
978
1015
1016
946
1090
1020
1006
967
986
989
991
970
1035
1071
1004
1001
946
981
1016
970
998
985
1028
1020
1001
1025
1033
1021
992
916
1007
1046
939
1013
1035
964
957
1073
1025
959
973
1021
980
1026
1012
1017
986
1027
945
984
1003
997
1003
930
1012
1007
1001
977
1094
996
997
998
988
992
1081
995
1006
1021
974
991
965
984
991
985
1006
1017
970
987
1021
1004
981
1018
1011
1008
991
967
1061
1003
986
1060
990
985
949
984
1020
1000
999
1005
986
1006
994
1000
1006
997
1023
958
995
1018
994
1019
1013
986
997
993
997
1024
1012
985
949
1053
944
1037
1006
974
995
1025
1069
1022
971
1007
1012
935
990
1015
956
974
987
1011
1029
1044
1018
975
991
995
1023
1010
993
1014
960
963
1014
1053
975
991
1002
1056
992
978
982
983
1002
994
1020
989
1036
973
1010
1031
1012
959
1004
987
999
1001
995
1011
982
1027
1003
1016
976
989
1000
972
1014
1062
1001
997
1043
961
1014
997
939
981
1001
1019
972
1025
962
1041
962
1008
1029
969
988
1006
996
971
1040
987
1029
1001
1013
975
1005
990
1008
1056
1002
920
1018
1024
1002
1039
1029
983
997
987
989
970
1003
988
1015
1014
1023
1014
1009
945
953
1025
971
1005
1041
986
987
949
991
1017
1001
1036
991
998
1044
997
1009
1049
998
1032
987
968
975
1006
979
986
988
992
986
1005
1007
992
1021
1015
1008
1019
1011
982
1021
957
989
1044
1000
955
1022
1013
1002
1025
965
1029
957
999
988
990
1032
965
973
964
1012
1047
990
1038
1005
1009
997
999
957
1044
1054
1042
957
986
1029
976
956
1042
1006
962
961
993
989
969
1052
995
1031
947
1013
913
992
1064
1001
973
1059
972
1066
1023
943
1003
993
1054
1030
972
989
1000
993
1005
996
1042
1056
1024
1018
949
938
991
981
988
963
1006
1031
1007
986
1024
1011
1015
969
969
946
1084
1011
1046
1038
980
987
971
968
1003
1004
1005
1038
971
947
1043
976
1018
995
980
991
996
1056
984
978
998
1016
972
1029
977
966
1042
955
1001
1024
976
981
977
1101
1011
1039
932
985
989
1034
974
997
1024
1015
1025
953
990
1037
1017
982
985
1019
980
1012
1010
1043
1004
945
1022
990
1009
954
1015
1008
974
990
1016
1010
1003
1063
1032
943
976
993
994
965
957
1082
992
1005
964
986
1053
1002
996
936
995
1060
1012
989
1037
1020
977
978
1012
999
995
1017
1019
1026
990
990
975
977
1006
995
1030
1029
1033
959
972
1007
988
981
1022
984
1002
996
980
980
1011
987
993
1045
922
982
970
979
990
1077
1030
984
1064
1002
982
1018
961
961
1003
1014
982
1038
1029
1012
1066
958
968
990
986
991
992
1016
982
1051
1004
976
1033
1013
1015
948
1009
958
1014
1030
973
1027
1013
962
1062
1034
997
1021
976
935
1011
986
1035
965
1037
939
1000
981
1071
975
997
995
1013
994
956
966
1034
1007
1027
1011
1049
998
1017
960
976
1027
993
972
1005
1003
964
1020
1029
987
959
1057
994
969
1008
1013
1045
971
1062
978
1004
1006
953
969
979
1033
1047
950
912
1014
972
1022
1006
1054
1028
995
1009
1022
944
1000
1015
1026
988
1068
977
951
972
998
1009
971
995
1020
1016
1031
1007
981
1021
981
1005
1026
952
1001
984
1031
961
1038
984
1018
965
1024
1026
978
1052
981
1012
960
997
974
990
997
988
1043
1020
1040
954
997
976
997
1039
1030
954
1030
1010
982
977
1005
989
997
952
1009
1028
1005
1010
1015
981
1014
948
1003
1007
1040
913
1055
1046
1008
977
1003
995
1018
1011
932
1044
1002
1060
990
985
963
972
1017
996
1004
951
991
1044
984
1030
1011
960
1016
1006
1000
1013
1010
1004
994
989
1008
980
1004
1031
1012
1007
967
989
987
1018
1005
1060
972
983
997
1010
978
1002
982
1046
970
981
970
997
1002
1030
1029
966
1007
999
1019
1025
1024
962
1002
1053
996
1013
962
967
996
998
988
1007
965
1058
1025
977
979
1025
978
972
1002
990
1003
1035
966
1054
992
998
988
999
1001
1033
1018
983
949
991
973
1008
1045
